3.43
4.12
3.83
3.06
2.48
2.17
2.204
2.9
2.811
3.09
2.95
3.47
4.01
2.6
5.11
4.04
3.58
2.86
3.61
4.07
3.4
2.51
2.24
3.56
3.05
3.54
2.293
2.447
3.21
3.49
3.22
3.11
3.08
2.01
2.82
2.8
2.427
2.296
1.91
1.73
2.513
1.351
2.99
2.732
2.997
3.415
1.626
4.04
3.013
4.282
3.898
5.161
4.76
5.45
4.67
1.8
2.282
4.56
4.02
3.88
3.626
4.191
2.74
4.7
4.08
4.04
2.62
3.75
3.31
2.77
2.78
3.161
3.21
3.266
2.149
2.728
3.483
2.82
5.11
5.03
2.56
2.758
4.4
4.5
2.872
3.79
2.63
5.1
3.64
3.13
2.36
2.291
2.51
3.62
3.218
3.49
2.86
4.921
4.29
2.624
3.66
1.458
3.998
2.71
2.69
4.51
2.9
1.87
3.11
3.13
4.144
5.82
2.79
3.194
3.512
1.368
3.61
3.134
3.116
1.693
2.99
5.77
3.77
2.22
2.174
4.94
3.459
4.2
5.02
4.13
5.04
3.491
1.68
2.15
3.03
3.47
3.75
3.62
3.61
3.61
2.54
2.62
2.719
4.0
4.276
3.96
3.96
2.63
5.31
3.19
3.99
2.9
3.38
3.6
3.92
2.79
4.36
5.168
3.04
3.93
4.886
2.042
3.986
2.99
3.41
1.78
3.61
3.25
3.154
3.11
1.327
2.12
2.706
3.28
3.98
3.21
2.3
2.61
4.31
2.91
3.074
2.61
4.042
1.35
5.367
3.12
3.93
2.05
3.011
5.409
3.103
1.373
1.93
3.18
2.54
3.85
1.215
3.3
2.001
3.17
3.51
4.04
2.92
2.39
5.377
3.72
1.12
2.66
3.83
4.31
2.78
5.18
4.35
4.41
3.18
2.51
3.35
4.22
2.066
2.69
3.353
2.291
2.84
3.86
5.04
4.89
3.401
3.9
3.74
3.51
4.23
2.15
2.944
3.46
4.51
4.26
3.86
1.188
2.29
3.64
3.61
2.22
3.617
2.97
3.29
2.24
5.469
3.621
3.18
3.71
2.29
1.834
2.59
2.366
4.046
4.36
1.505
1.297
5.21
4.96
2.42
4.3
3.53
3.04
2.7
2.9
2.827
3.46
4.7
3.77
2.07
2.09
1.76
1.5
5.23
2.74
6.04
4.34
3.617
1.569
3.59
2.34
3.97
4.611
3.52
3.26
4.12
3.48
3.34
2.68
1.628
2.44
4.51
2.07
3.75
3.77
4.09
1.43
3.122
3.08
4.925
2.159
3.56
3.8
4.6
3.43
3.38
4.21
3.24
3.1
4.2
2.848
4.65
3.61
3.26
3.08
3.82
4.53
3.49
2.89
2.49
4.86
5.17
4.09
2.4
2.7
2.93
3.92
1.161
3.627
2.223
2.223
2.65
5.37
2.64
4.19
3.26
3.94
3.18
2.71
3.35
4.07
3.2
2.689
1.37
4.959
2.41
5.16
2.73
2.98
2.73
2.34
4.16
3.47
3.98
3.47
2.7
3.65
