4.31
4.072
3.761
3.451
3.976
5.791
7.478
6.118
5.405
3.63
3.532
6.21
6.618
5.46
6.131
3.412
5.3
5.572
2.836
4.765
4.464
3.517
3.71
4.13
6.407
3.6
6.269
6.104
2.527
2.582
3.128
3.356
0.117
3.16
3.908
2.354
3.467
3.76
6.106
5.167
3.89
2.975
3.937
3.85
3.116
2.423
1.829
2.98
3.233
1.531
2.935
6.064
4.307
5.22
3.004
6.126
5.514
5.514
4.711
4.55
6.906
4.409
5.069
4.797
1.187
7.341
3.839
7.658
4.489
7.753
4.653
3.898
2.955
6.383
4.863
3.964
6.037
3.77
6.614
5.62
6.424
4.61
6.059
6.643
4.168
2.736
6.36
2.078
2.606
3.7
6.394
4.025
4.756
3.135
4.494
3.48
3.849
7.375
2.644
5.692
5.615
6.24
5.64
5.9
5.876
6.217
3.678
4.994
4.737
6.027
5.642
5.652
6.26
8.164
6.099
6.728
4.33
6.988
6.272
6.649
5.375
3.352
5.138
8.545
9.154
7.236
4.288
4.627
5.428
8.182
5.924
3.757
7.841
6.856
5.876
6.397
5.475
3.237
7.337
7.47
3.768
6.151
4.592
4.339
3.22
7.99
9.088
9.063
7.902
5.291
10.064
4.934
3.8
4.792
5.643
4.392
5.307
3.851
5.434
3.643
8.269
5.37
6.219
6.62
5.494
6.537
4.038
4.178
3.734
4.632
5.545
5.211
6.006
4.728
6.129
5.428
3.977
3.103
5.143
5.441
4.674
4.66
4.408
5.413
3.927
9.415
6.54
3.872
5.16
5.304
3.845
1.603
5.43
5.557
5.133
4.762
9.192
9.945
0.989
0.672
3.254
4.943
1.429
7.222
8.86
3.338
3.395
3.824
4.639
0.944
4.076
6.428
7.335
1.057
5.563
2.343
3.74
6.512
4.01
4.1
3.061
1.826
3.306
3.691
3.492
3.378
2.648
3.469
4.251
3.522
4.074
8.327
5.379
4.556
4.611
8.028
3.613
4.876
5.366
4.385
4.405
5.522
3.617
5.147
3.662
6.0
3.431
4.266
4.242
4.011
3.68
5.007
3.531
8.636
4.909
4.667
3.953
5.609
3.357
3.79
3.855
4.806
5.461
5.314
4.238
4.744
4.921
5.538
3.588
6.11
5.947
5.762
5.62
5.403
4.856
6.393
3.684
3.659
5.633
4.077
3.592
4.867
4.06
